5 5 2 20.00059448629239 0.048782975 3 0.5742557190110381 0.00927734375
0 2 3 17.593566913178595 0.054344170673076925 4 0.5729639756107077 0.0091552734375
1 2 2 13.533513010137382 0.055683687499999995 4 0.5727620452537594 0.008544921875
2 5 1 16.00047558903391 0.045352083333333335 3 0.5752795998446549 0.008138020833333334
1 1 0 6.8730112088562665 0.0879396875 4 0.5649788704532632 0.008544921875
0 2 1 9.473459107096167 0.06953537946428572 4 0.569334560540985 0.0091552734375
3 4 2 13.734036393972907 0.06524208806818182 4 0.5701338991605451 0.0103759765625
1 5 2 20.00059448629239 0.059908916666666666 3 0.5712153340856869 0.011393229166666666
2 3 1 25.307946589016385 0.031346634615384616 5 0.5791643322585989 0.0048828125
2 1 1 12.027769615498466 0.04635691964285714 4 0.5754289914606873 0.006103515625
3 2 0 5.4134052040549525 0.10678390625 4 0.5599664566605731 0.0103759765625
4 1 1 12.027769615498466 0.05840971875 4 0.5722760651790384 0.0076904296875
0 0 0 13.234453794168815 0.059661093750000005 4 0.571699947174456 0.0091552734375
5 2 0 5.4134052040549525 0.07160803125000001 4 0.5692519536363567 0.0069580078125
3 4 3 16.2311339201498 0.06159006009615385 4 0.5710077063516881 0.0103759765625
5 2 2 13.533513010137382 0.045342431249999995 4 0.5755056286288848 0.0069580078125
4 2 0 5.4134052040549525 0.07914571875000001 4 0.5672878799098073 0.0076904296875
0 2 2 13.533513010137382 0.059661093750000005 4 0.571699947174456 0.0091552734375
2 2 0 5.4134052040549525 0.06281406249999999 4 0.5715259286128667 0.006103515625
0 4 0 8.739841341619123 0.06953537946428572 4 0.569334560540985 0.0091552734375
3 2 4 21.65362081621981 0.05782390625 4 0.5719054839275313 0.0103759765625
0 1 1 12.027769615498466 0.06953537946428572 4 0.569334560540985 0.0091552734375
2 5 0 12.000356691775433 0.04961875 3 0.5742748643948838 0.008138020833333334
0 3 1 25.307946589016385 0.047019951923076925 5 0.5750416982876034 0.00732421875
3 2 3 17.593566913178595 0.06159006009615385 4 0.5710077063516881 0.0103759765625
0 5 1 16.00047558903391 0.068028125 3 0.5691166281384314 0.01220703125
3 3 1 25.307946589016385 0.05328927884615385 5 0.5733761891905887 0.00830078125
0 1 0 6.8730112088562665 0.09422109375 4 0.5633178929473893 0.0091552734375
1 5 3 24.000713383550867 0.05751958333333333 3 0.5717843391697757 0.011393229166666666
4 4 0 8.739841341619123 0.05840971875 4 0.5722760651790384 0.0076904296875
2 0 0 13.234453794168815 0.0397740625 4 0.5769723198552299 0.006103515625
2 2 3 17.593566913178595 0.036229447115384616 4 0.5777991443319962 0.006103515625
0 5 2 20.00059448629239 0.064188125 3 0.5700378874954639 0.01220703125
1 3 0 19.467651222320296 0.048847749999999995 5 0.5747036340243787 0.0068359375
4 2 4 21.65362081621981 0.04285771875 4 0.5759499082023234 0.0076904296875
4 0 0 13.234453794168815 0.05011531875 4 0.5742425570693206 0.0076904296875
4 3 0 19.467651222320296 0.043962975 5 0.5759821735576844 0.00615234375
2 5 3 24.000713383550867 0.041085416666666666 3 0.5762800575555063 0.008138020833333334
0 4 3 16.2311339201498 0.054344170673076925 4 0.5729639756107077 0.0091552734375
1 0 0 13.234453794168815 0.055683687499999995 4 0.5727620452537594 0.008544921875
2 2 2 13.533513010137382 0.0397740625 4 0.5769723198552299 0.006103515625
2 5 2 20.00059448629239 0.042792083333333335 3 0.5758803866324762 0.008138020833333334
4 2 1 9.473459107096167 0.05840971875 4 0.5722760651790384 0.0076904296875
0 5 0 12.000356691775433 0.074428125 3 0.5675733126182112 0.01220703125
2 4 1 11.236938867796017 0.04148072916666667 4 0.5765731726988332 0.006103515625
2 2 4 21.65362081621981 0.0340140625 4 0.5783144233226081 0.006103515625
0 4 2 13.734036393972907 0.057566548295454545 4 0.5721987002133413 0.0091552734375
3 0 0 13.234453794168815 0.06761590625 4 0.5695642108245842 0.0103759765625
1 4 2 13.734036393972907 0.053728778409090905 4 0.5732257326351126 0.008544921875
5 3 0 19.467651222320296 0.039776025 5 0.5770735366442745 0.00556640625
5 1 0 6.8730112088562665 0.07160803125000001 4 0.5692519536363567 0.0069580078125
3 4 0 8.739841341619123 0.07880676339285714 4 0.5668602467104163 0.0103759765625
3 2 1 9.473459107096167 0.07880676339285714 4 0.5668602467104163 0.0103759765625
1 4 1 11.236938867796017 0.058073020833333336 4 0.5721940838454007 0.008544921875
5 4 3 16.2311339201498 0.04130156971153846 4 0.5764532368012358 0.0069580078125
0 5 3 24.000713383550867 0.061628125 3 0.5706500979791033 0.01220703125
4 2 3 17.593566913178595 0.045649103365384615 4 0.5752947007014447 0.0076904296875
1 5 1 16.00047558903391 0.06349291666666666 3 0.5703592732517244 0.011393229166666666
1 3 1 25.307946589016385 0.04388528846153846 5 0.5758709121570198 0.0068359375
5 2 1 9.473459107096167 0.052846888392857144 4 0.573735593573922 0.0069580078125
5 5 3 24.000713383550867 0.046837375 3 0.5747140269160195 0.00927734375
3 5 2 20.00059448629239 0.07274654166666666 3 0.5676694426695236 0.013834635416666666
2 4 3 16.2311339201498 0.036229447115384616 4 0.5777991443319962 0.006103515625
4 5 0 12.000356691775433 0.062519625 3 0.5708088072658174 0.01025390625
1 4 3 16.2311339201498 0.05072122596153846 4 0.573937330162491 0.008544921875
4 4 3 16.2311339201498 0.045649103365384615 4 0.5752947007014447 0.0076904296875
3 3 0 19.467651222320296 0.059315124999999996 5 0.5719446262108425 0.00830078125
4 5 1 16.00047558903391 0.057143625 3 0.572090501275228 0.01025390625
0 2 4 21.65362081621981 0.051021093749999996 4 0.5737505873031793 0.0091552734375
4 1 0 6.8730112088562665 0.07914571875000001 4 0.5672878799098073 0.0076904296875
5 4 1 11.236938867796017 0.04728803125 4 0.5750480053565703 0.0069580078125
1 2 3 17.593566913178595 0.05072122596153846 4 0.573937330162491 0.008544921875
3 5 3 24.000713383550867 0.06984520833333333 3 0.5683691254919403 0.013834635416666666
2 4 2 13.734036393972907 0.038377698863636366 4 0.577298388495176 0.006103515625
4 5 2 20.00059448629239 0.053918025 3 0.5728562168069946 0.01025390625
